1 PIPE -100 100 0.01 0.00235 0.35276 0 0 0 0 0 0
1 VTX -0.11 0.11 0.01106 0.00005 0.07460 2 0 1.57080 2.89E-06 2.89E-06 0.9550
1 VTX -0.132 0.132 0.01411 0.00005 0.07460 2 0 1.57080 2.89E-06 2.89E-06 0.9550
1 VTX -0.19875 0.19875 0.02129 0.00005 0.04974 2 0 1.57080 2.89E-06 2.89E-06 0.9550
1 VTX -0.26475 0.26475 0.02847 0.00005 0.04974 2 0 1.57080 2.89E-06 2.89E-06 0.9550
1 MID2 -2.0254 2.0254 1.06089 0.0003 0.094 2 0 1.57080 2.89E-06 2.89E-06 0.9291
1 MID2 -2.0254 2.0254 1.01089 0.0003 0.094 2 0 1.57080 2.89E-06 2.89E-06 0.9291
1 MID1 -2.0254 2.0254 0.93502 0.0003 0.094 2 0 1.57080 2.89E-06 2.89E-06 0.9291
1 MID1 -2.0254 2.0254 0.88502 0.0003 0.094 2 0 1.57080 2.89E-06 2.89E-06 0.9291
1 MID2 -2.0254 2.0254 1.03589 0.04 6.47 0 0 0 0 0 0
1 MID1 -2.0254 2.0254 0.91002 0.04 6.47 0 0 0 0 0 0
1 OUT2 -2.0254 2.0254 1.99920 0.0003 0.094 2 0 1.57080 2.89E-06 2.89E-06 0.9289
1 OUT2 -2.0254 2.0254 1.94920 0.0003 0.094 2 0 1.57080 2.89E-06 2.89E-06 0.9289
1 OUT1 -2.0254 2.0254 1.87310 0.0003 0.094 2 0 1.57080 2.89E-06 2.89E-06 0.9289
1 OUT1 -2.0254 2.0254 1.82310 0.0003 0.094 2 0 1.57080 2.89E-06 2.89E-06 0.9289
1 OUT2 -2.0254 2.0254 1.97420 0.04 6.47 0 0 0 0 0 0
1 OUT1 -2.0254 2.0254 1.84810 0.04 6.47 0 0 0 0 0 0
1 INN_CYL -2.0254 2.0254 0.88502 0.0008 0.22 0 0 0 0 0 0
2 OB_SUP 0.88502 1.99920 -0.67513 0.00012 0.22 0 0 0 0 0 0
2 OB_SUP 0.88502 1.99920 0.67513 0.00012 0.22 0 0 0 0 0 0
2 OB_FLA 0.88502 1.99920 -2.0254 0.00016 0.22 0 0 0 0 0 0
2 OB_FLA 0.88502 1.99920 2.0254 0.00016 0.22 0 0 0 0 0 0
1 MAG -2.5 2.5 2.25 0.05 0.0658 0 0 0 0 0 0
